
# BRCA cv1
	
1, 0.9664, 0.9703, 0.9292
2, 0.9612, 0.9718, 0.9245
3, 0.9666, 0.9777, 0.9209
4, 0.9731, 0.9787, 0.9380
5, 0.9636, 0.9740, 0.9198
0.9662(0.0040), 0.9745(0.0032), 0.9265(0.0066) server_official_e200_pan_e30 BRCA cv1 only_omics
	
1, 0.9645, 0.9737, 0.9253
2, 0.9552, 0.9672, 0.9118
3, 0.9575, 0.9717, 0.9048
4, 0.9666, 0.9738, 0.9204
5, 0.9658, 0.9764, 0.9261
0.9619(0.0047), 0.9726(0.0031), 0.9177(0.0082) server_official_e200_pan_e30 BRCA cv1 only_kg
	
1, 0.9700, 0.9769, 0.9335
2, 0.9578, 0.9689, 0.9118
3, 0.9605, 0.9734, 0.9078
4, 0.9691, 0.9716, 0.9343
5, 0.9669, 0.9779, 0.9240
0.9649(0.0048), 0.9737(0.0034), 0.9223(0.0109) server_official_e200_pan_e30 BRCA cv1 umt
	
1, 0.9670, 0.9740, 0.9322
2, 0.9599, 0.9713, 0.9231
3, 0.9643, 0.9768, 0.9200
4, 0.9717, 0.9778, 0.9345
5, 0.9665, 0.9765, 0.9246
0.9659(0.0038), 0.9753(0.0023), 0.9269(0.0055) server_official_e200_pan_e30 BRCA cv1 ume
val_AUC_UMT=0.9693, val_AUC_UME=0.9683, use UMT.

# BRCA cv2
	
1, 0.7494, 0.7901, 0.7195
2, 0.8377, 0.8814, 0.7736
3, 0.8832, 0.9040, 0.8165
4, 0.8901, 0.9209, 0.8244
5, 0.8644, 0.8813, 0.7898
0.8450(0.0511), 0.8755(0.0452), 0.7848(0.0374) server_official_e200_pan_e30 BRCA cv2 only_omics
	
1, 0.6892, 0.6743, 0.7464
2, 0.8241, 0.8623, 0.7851
3, 0.8855, 0.9104, 0.8072
4, 0.8800, 0.9152, 0.8161
5, 0.8540, 0.8650, 0.7878
0.8266(0.0720), 0.8455(0.0884), 0.7885(0.0241) server_official_e200_pan_e30 BRCA cv2 only_kg
	
1, 0.7508, 0.7622, 0.7482
2, 0.8552, 0.8919, 0.8025
3, 0.8969, 0.9171, 0.8221
4, 0.8733, 0.9103, 0.8092
5, 0.8619, 0.8718, 0.7902
0.8476(0.0504), 0.8707(0.0565), 0.7944(0.0253) server_official_e200_pan_e30 BRCA cv2 umt
	
1, 0.7381, 0.7606, 0.7348
2, 0.8364, 0.8773, 0.7859
3, 0.8939, 0.9154, 0.8287
4, 0.8914, 0.9212, 0.8212
5, 0.8680, 0.8793, 0.7933
0.8456(0.0576), 0.8708(0.0579), 0.7928(0.0332) server_official_e200_pan_e30 BRCA cv2 ume
val_AUC_UMT=0.9092, val_AUC_UME=0.9039, use UMT.

# CESC cv1
	
1, 0.7452, 0.7414, 0.8230
2, 0.8530, 0.8892, 0.8075
3, 0.7623, 0.7220, 0.7227
4, 0.6361, 0.6713, 0.7509
5, 0.8231, 0.8445, 0.7642
0.7639(0.0750), 0.7737(0.0807), 0.7737(0.0368) server_official_e200_pan_e30 CESC cv1 only_omics
	
1, 0.7407, 0.6814, 0.7740
2, 0.8686, 0.8932, 0.8200
3, 0.7785, 0.7049, 0.7371
4, 0.7394, 0.8037, 0.7863
5, 0.8185, 0.8237, 0.7872
0.7892(0.0492), 0.7814(0.0783), 0.7809(0.0267) server_official_e200_pan_e30 CESC cv1 only_kg
	
1, 0.7682, 0.7280, 0.8280
2, 0.8378, 0.8608, 0.8366
3, 0.7936, 0.7271, 0.7371
4, 0.7584, 0.7951, 0.7758
5, 0.8652, 0.8759, 0.8086
0.8046(0.0409), 0.7974(0.0631), 0.7972(0.0366) server_official_e200_pan_e30 CESC cv1 umt
	
1, 0.7632, 0.7506, 0.8130
2, 0.8577, 0.8900, 0.8000
3, 0.7697, 0.7322, 0.7371
4, 0.7446, 0.8114, 0.7753
5, 0.8338, 0.8365, 0.7928
0.7938(0.0439), 0.8041(0.0575), 0.7837(0.0262) server_official_e200_pan_e30 CESC cv1 ume
val_AUC_UMT=0.8521, val_AUC_UME=0.8249, use UMT.

# CESC cv2
	
1, 0.6197, 0.6802, 0.6620
2, 0.7355, 0.7305, 0.7445
3, 0.7472, 0.8153, 0.6931
4, 0.6412, 0.6435, 0.6765
5, 0.6712, 0.6644, 0.7208
0.6830(0.0505), 0.7068(0.0614), 0.6994(0.0298) server_official_e200_pan_e30 CESC cv2 only_omics
	
1, 0.6629, 0.7237, 0.6667
2, 0.6576, 0.6874, 0.7102
3, 0.6912, 0.7150, 0.6905
4, 0.6669, 0.6871, 0.6840
5, 0.7233, 0.7775, 0.6989
0.6804(0.0244), 0.7181(0.0331), 0.6900(0.0146) server_official_e200_pan_e30 CESC cv2 only_kg
	
1, 0.5884, 0.6213, 0.6667
2, 0.6245, 0.6608, 0.6793
3, 0.6862, 0.6826, 0.6943
4, 0.6727, 0.7215, 0.6853
5, 0.8131, 0.8388, 0.7802
0.6770(0.0765), 0.7050(0.0744), 0.7012(0.0405) server_official_e200_pan_e30 CESC cv2 umt
	
1, 0.6305, 0.6931, 0.6620
2, 0.7378, 0.7317, 0.7445
3, 0.7479, 0.8139, 0.7007
4, 0.6514, 0.6916, 0.6812
5, 0.6712, 0.6644, 0.7208
0.6878(0.0469), 0.7189(0.0521), 0.7018(0.0290) server_official_e200_pan_e30 CESC cv2 ume
val_AUC_UMT=0.7328, val_AUC_UME=0.7511, use UME.

# COAD cv1
	
1, 0.7505, 0.7359, 0.7442
2, 0.7026, 0.6780, 0.6980
3, 0.6945, 0.6645, 0.7175
4, 0.7048, 0.6522, 0.7046
5, 0.6943, 0.6900, 0.7143
0.7094(0.0210), 0.6841(0.0288), 0.7157(0.0158) server_official_e200_pan_e30 COAD cv1 only_omics
	
1, 0.6951, 0.7051, 0.7178
2, 0.6704, 0.6582, 0.6943
3, 0.6751, 0.6712, 0.7154
4, 0.6438, 0.6491, 0.6660
5, 0.6992, 0.6889, 0.7144
0.6767(0.0199), 0.6745(0.0203), 0.7016(0.0197) server_official_e200_pan_e30 COAD cv1 only_kg
	
1, 0.6732, 0.6828, 0.7212
2, 0.6742, 0.6679, 0.6899
3, 0.6850, 0.6870, 0.7151
4, 0.6945, 0.7021, 0.6752
5, 0.6938, 0.7110, 0.7114
0.6842(0.0092), 0.6902(0.0151), 0.7026(0.0173) server_official_e200_pan_e30 COAD cv1 umt
	
1, 0.7606, 0.7619, 0.7503
2, 0.7083, 0.6953, 0.7002
3, 0.7101, 0.6933, 0.7224
4, 0.6799, 0.6613, 0.6843
5, 0.7222, 0.7145, 0.7291
0.7162(0.0261), 0.7053(0.0331), 0.7173(0.0230) server_official_e200_pan_e30 COAD cv1 ume
val_AUC_UMT=0.6985, val_AUC_UME=0.7317, use UME.

# COAD cv2
	
1, 0.6840, 0.6727, 0.6966
2, 0.6079, 0.6215, 0.6908
3, 0.5901, 0.5593, 0.6716
4, 0.5811, 0.5880, 0.6803
5, 0.5837, 0.5697, 0.6948
0.6094(0.0385), 0.6023(0.0411), 0.6868(0.0095) server_official_e200_pan_e30 COAD cv2 only_omics
	
1, 0.6269, 0.6263, 0.6871
2, 0.6116, 0.5862, 0.6974
3, 0.5766, 0.5631, 0.6706
4, 0.5961, 0.5923, 0.6848
5, 0.6303, 0.6072, 0.6956
0.6083(0.0200), 0.5950(0.0211), 0.6871(0.0096) server_official_e200_pan_e30 COAD cv2 only_kg
	
1, 0.6331, 0.6451, 0.6815
2, 0.6204, 0.6019, 0.6959
3, 0.6110, 0.5728, 0.6765
4, 0.6040, 0.5992, 0.6870
5, 0.6488, 0.6271, 0.6943
0.6235(0.0160), 0.6092(0.0249), 0.6871(0.0074) server_official_e200_pan_e30 COAD cv2 umt
	
1, 0.6756, 0.6749, 0.6877
2, 0.6480, 0.6275, 0.6984
3, 0.6048, 0.5735, 0.6763
4, 0.6083, 0.5999, 0.6862
5, 0.6274, 0.5970, 0.7036
0.6328(0.0264), 0.6146(0.0347), 0.6904(0.0096) server_official_e200_pan_e30 COAD cv2 ume
val_AUC_UMT=0.6609, val_AUC_UME=0.6863, use UME.

# KIRC cv1
	
1, 0.6434, 0.7053, 0.7222
2, 0.6224, 0.7026, 0.7742
3, 0.6736, 0.6299, 0.8000
4, 0.5486, 0.6423, 0.6667
5, 0.7643, 0.7687, 0.7200
0.6504(0.0703), 0.6898(0.0500), 0.7366(0.0465) server_official_e200_pan_e30 KIRC cv1 only_omics
	
1, 0.7413, 0.7843, 0.8000
2, 0.6643, 0.6968, 0.7879
3, 0.7847, 0.7560, 0.8462
4, 0.6389, 0.6909, 0.7059
5, 0.7857, 0.7669, 0.8000
0.7230(0.0610), 0.7390(0.0380), 0.7880(0.0456) server_official_e200_pan_e30 KIRC cv1 only_kg
	
1, 0.6993, 0.6881, 0.7857
2, 0.8881, 0.8671, 0.8966
3, 0.7222, 0.6638, 0.8276
4, 0.5625, 0.6637, 0.7059
5, 0.7857, 0.7843, 0.7619
0.7316(0.1069), 0.7334(0.0803), 0.7955(0.0640) server_official_e200_pan_e30 KIRC cv1 umt
	
1, 0.6503, 0.7117, 0.7222
2, 0.6364, 0.7276, 0.7742
3, 0.6736, 0.6299, 0.8000
4, 0.5486, 0.6423, 0.6667
5, 0.8071, 0.8085, 0.7500
0.6632(0.0835), 0.7040(0.0645), 0.7426(0.0459) server_official_e200_pan_e30 KIRC cv1 ume
val_AUC_UMT=0.9157, val_AUC_UME=0.9324, use UME.

# KIRC cv2
	
1, 0.5939, 0.5581, 0.6934
2, 0.4424, 0.4966, 0.6667
3, 0.6331, 0.7117, 0.6805
4, 0.7961, 0.8719, 0.8293
5, 0.4905, 0.5762, 0.6906
0.5912(0.1233), 0.6429(0.1343), 0.7121(0.0593) server_official_e200_pan_e30 KIRC cv2 only_omics
	
1, 0.5773, 0.5411, 0.7163
2, 0.4851, 0.5092, 0.6667
3, 0.6516, 0.6783, 0.7072
4, 0.6208, 0.6660, 0.7178
5, 0.5784, 0.6745, 0.6796
0.5827(0.0562), 0.6138(0.0732), 0.6975(0.0206) server_official_e200_pan_e30 KIRC cv2 only_kg
	
1, 0.5749, 0.5696, 0.7067
2, 0.4899, 0.4738, 0.6845
3, 0.6338, 0.6977, 0.6753
4, 0.6686, 0.6750, 0.7361
5, 0.5808, 0.6022, 0.6667
0.5896(0.0607), 0.6036(0.0799), 0.6939(0.0250) server_official_e200_pan_e30 KIRC cv2 umt
	
1, 0.6292, 0.5986, 0.7163
2, 0.4442, 0.4981, 0.6667
3, 0.6499, 0.7121, 0.7072
4, 0.7961, 0.8719, 0.8293
5, 0.5105, 0.5750, 0.6667
0.6060(0.1216), 0.6511(0.1299), 0.7172(0.0596) server_official_e200_pan_e30 KIRC cv2 ume
val_AUC_UMT=0.7660, val_AUC_UME=0.6510, use UMT.

# LAML cv1
	
1, 0.6452, 0.6337, 0.6969
2, 0.6935, 0.7207, 0.6994
3, 0.6820, 0.6749, 0.6785
4, 0.7302, 0.7260, 0.7293
5, 0.6833, 0.6734, 0.6641
0.6868(0.0272), 0.6857(0.0341), 0.6937(0.0220) server_official_e200_pan_e30 LAML cv1 only_omics
	
1, 0.7024, 0.7169, 0.7020
2, 0.7116, 0.7315, 0.7143
3, 0.6892, 0.6597, 0.6990
4, 0.7233, 0.7204, 0.7267
5, 0.6819, 0.6623, 0.6633
0.7017(0.0149), 0.6982(0.0308), 0.7010(0.0213) server_official_e200_pan_e30 LAML cv1 only_kg
	
1, 0.6906, 0.7087, 0.7020
2, 0.7036, 0.7292, 0.7091
3, 0.6883, 0.6867, 0.6802
4, 0.7162, 0.7129, 0.7255
5, 0.6823, 0.6628, 0.6614
0.6962(0.0122), 0.7001(0.0231), 0.6956(0.0225) server_official_e200_pan_e30 LAML cv1 umt
	
1, 0.7055, 0.7123, 0.7017
2, 0.7040, 0.7313, 0.7041
3, 0.6826, 0.6747, 0.6770
4, 0.7296, 0.7253, 0.7343
5, 0.6851, 0.6722, 0.6618
0.7014(0.0170), 0.7032(0.0251), 0.6958(0.0249) server_official_e200_pan_e30 LAML cv1 ume
val_AUC_UMT=0.7100, val_AUC_UME=0.7170, use UME.

# LAML cv2
	
1, 0.6027, 0.6044, 0.6594
2, 0.6098, 0.6178, 0.6597
3, 0.6517, 0.6582, 0.6844
4, 0.6073, 0.5838, 0.6793
5, 0.6422, 0.6588, 0.6836
0.6227(0.0201), 0.6246(0.0297), 0.6733(0.0114) server_official_e200_pan_e30 LAML cv2 only_omics
	
1, 0.6171, 0.6220, 0.6660
2, 0.6001, 0.6143, 0.6619
3, 0.6614, 0.6609, 0.6904
4, 0.6331, 0.6275, 0.6820
5, 0.6442, 0.6550, 0.6909
0.6312(0.0212), 0.6359(0.0186), 0.6782(0.0121) server_official_e200_pan_e30 LAML cv2 only_kg
	
1, 0.6192, 0.6261, 0.6654
2, 0.6005, 0.6164, 0.6597
3, 0.6584, 0.6672, 0.6935
4, 0.6187, 0.6245, 0.6782
5, 0.6395, 0.6527, 0.6910
0.6273(0.0199), 0.6374(0.0193), 0.6776(0.0134) server_official_e200_pan_e30 LAML cv2 umt
	
1, 0.6151, 0.6219, 0.6648
2, 0.6084, 0.6215, 0.6613
3, 0.6628, 0.6682, 0.6854
4, 0.6288, 0.6102, 0.6827
5, 0.6487, 0.6665, 0.6891
0.6327(0.0204), 0.6377(0.0246), 0.6767(0.0114) server_official_e200_pan_e30 LAML cv2 ume
val_AUC_UMT=0.6496, val_AUC_UME=0.6461, use UMT.

# LUAD cv1
	
1, 0.8993, 0.8782, 0.8486
2, 0.8304, 0.8415, 0.7839
3, 0.8638, 0.8019, 0.7957
4, 0.9212, 0.8905, 0.8603
5, 0.8737, 0.8542, 0.8366
0.8777(0.0310), 0.8533(0.0310), 0.8250(0.0300) server_official_e200_pan_e30 LUAD cv1 only_omics
	
1, 0.9019, 0.9039, 0.8403
2, 0.8546, 0.8360, 0.8051
3, 0.8957, 0.8653, 0.8421
4, 0.9330, 0.9015, 0.8690
5, 0.8840, 0.8669, 0.8120
0.8938(0.0255), 0.8747(0.0254), 0.8337(0.0230) server_official_e200_pan_e30 LUAD cv1 only_kg
	
1, 0.8990, 0.8853, 0.8529
2, 0.8535, 0.8486, 0.8088
3, 0.8993, 0.8723, 0.8329
4, 0.9368, 0.9018, 0.8644
5, 0.8836, 0.8647, 0.8267
0.8944(0.0269), 0.8745(0.0181), 0.8371(0.0196) server_official_e200_pan_e30 LUAD cv1 umt
	
1, 0.9060, 0.9081, 0.8453
2, 0.8608, 0.8566, 0.7979
3, 0.8882, 0.8460, 0.8150
4, 0.9298, 0.8993, 0.8605
5, 0.8924, 0.8742, 0.8362
0.8955(0.0226), 0.8768(0.0239), 0.8310(0.0221) server_official_e200_pan_e30 LUAD cv1 ume
val_AUC_UMT=0.8997, val_AUC_UME=0.9037, use UME.

# LUAD cv2
	
1, 0.7146, 0.7305, 0.6993
2, 0.7821, 0.7936, 0.7049
3, 0.8690, 0.8303, 0.8011
4, 0.7676, 0.6649, 0.7491
5, 0.9130, 0.9083, 0.8324
0.8093(0.0718), 0.7855(0.0833), 0.7573(0.0524) server_official_e200_pan_e30 LUAD cv2 only_omics
	
1, 0.7702, 0.7654, 0.7703
2, 0.8488, 0.8542, 0.7670
3, 0.8557, 0.8526, 0.7901
4, 0.6613, 0.5554, 0.7093
5, 0.9203, 0.9156, 0.8437
0.8113(0.0888), 0.7886(0.1261), 0.7761(0.0432) server_official_e200_pan_e30 LUAD cv2 only_kg
	
1, 0.7700, 0.7549, 0.7465
2, 0.8381, 0.8316, 0.7863
3, 0.8764, 0.8609, 0.7936
4, 0.4353, 0.4573, 0.6442
5, 0.9186, 0.9152, 0.8492
0.7677(0.1732), 0.7640(0.1619), 0.7640(0.0683) server_official_e200_pan_e30 LUAD cv2 umt
	
1, 0.7142, 0.7302, 0.6993
2, 0.8460, 0.8484, 0.7738
3, 0.8802, 0.8610, 0.7956
4, 0.7147, 0.6041, 0.7454
5, 0.9240, 0.9167, 0.8538
0.8158(0.0864), 0.7921(0.1119), 0.7736(0.0515) server_official_e200_pan_e30 LUAD cv2 ume
val_AUC_UMT=0.7912, val_AUC_UME=0.8127, use UME.

# OV cv1
	
1, 0.9855, 0.9827, 0.9698
2, 0.9797, 0.9798, 0.9628
3, 0.9911, 0.9900, 0.9684
4, 0.9833, 0.9886, 0.9565
5, 0.9670, 0.9693, 0.9487
0.9813(0.0081), 0.9821(0.0074), 0.9612(0.0078) server_official_e200_pan_e30 OV cv1 only_omics
	
1, 0.9883, 0.9866, 0.9801
2, 0.9917, 0.9931, 0.9700
3, 0.9888, 0.9857, 0.9684
4, 0.9465, 0.9603, 0.9318
5, 0.9543, 0.9679, 0.9443
0.9739(0.0194), 0.9787(0.0125), 0.9589(0.0180) server_official_e200_pan_e30 OV cv1 only_kg
	
1, 0.9910, 0.9903, 0.9698
2, 0.9938, 0.9949, 0.9700
3, 0.9920, 0.9903, 0.9563
4, 0.9552, 0.9706, 0.9496
5, 0.9581, 0.9709, 0.9635
0.9780(0.0175), 0.9834(0.0105), 0.9619(0.0079) server_official_e200_pan_e30 OV cv1 umt
	
1, 0.9877, 0.9849, 0.9704
2, 0.9917, 0.9932, 0.9700
3, 0.9917, 0.9903, 0.9684
4, 0.9675, 0.9771, 0.9565
5, 0.9622, 0.9676, 0.9635
0.9802(0.0127), 0.9826(0.0093), 0.9658(0.0052) server_official_e200_pan_e30 OV cv1 ume
val_AUC_UMT=0.9825, val_AUC_UME=0.9788, use UMT.

# OV cv2
	
1, 0.7954, 0.6606, 0.8292
2, 0.8717, 0.7937, 0.8863
3, 0.8001, 0.7163, 0.7956
4, 0.4991, 0.4523, 0.7544
5, 0.7131, 0.6210, 0.7668
0.7359(0.1286), 0.6488(0.1141), 0.8065(0.0475) server_official_e200_pan_e30 OV cv2 only_omics
	
1, 0.8078, 0.6955, 0.8453
2, 0.9176, 0.9025, 0.8677
3, 0.8305, 0.7935, 0.8364
4, 0.6663, 0.5863, 0.7544
5, 0.8360, 0.7767, 0.8130
0.8116(0.0816), 0.7509(0.1055), 0.8234(0.0387) server_official_e200_pan_e30 OV cv2 only_kg
	
1, 0.8020, 0.6750, 0.8492
2, 0.9270, 0.9104, 0.8779
3, 0.8554, 0.8312, 0.8190
4, 0.6554, 0.5544, 0.7589
5, 0.8250, 0.7703, 0.8145
0.8130(0.0893), 0.7483(0.1238), 0.8239(0.0397) server_official_e200_pan_e30 OV cv2 umt
	
1, 0.8028, 0.6687, 0.8399
2, 0.8982, 0.8479, 0.8884
3, 0.8083, 0.7344, 0.7956
4, 0.5568, 0.4866, 0.7544
5, 0.8271, 0.7696, 0.8018
0.7786(0.1160), 0.7015(0.1220), 0.8160(0.0452) server_official_e200_pan_e30 OV cv2 ume
val_AUC_UMT=0.8652, val_AUC_UME=0.8367, use UMT.

# SKCM cv1
	
1, 0.7232, 0.7868, 0.7879
2, 0.6601, 0.6579, 0.5914
3, 0.5865, 0.6086, 0.6918
4, 0.7421, 0.7728, 0.7543
5, 0.4833, 0.6018, 0.7090
0.6390(0.0950), 0.6856(0.0794), 0.7069(0.0669) server_official_e200_pan_e30 SKCM cv1 only_omics
	
1, 0.7391, 0.8234, 0.8014
2, 0.7490, 0.7435, 0.6527
3, 0.8303, 0.8480, 0.7913
4, 0.6900, 0.7887, 0.7072
5, 0.8779, 0.9159, 0.8370
0.7772(0.0676), 0.8239(0.0579), 0.7579(0.0677) server_official_e200_pan_e30 SKCM cv1 only_kg
	
1, 0.7791, 0.8649, 0.7834
2, 0.7789, 0.7670, 0.6550
3, 0.7972, 0.8356, 0.7704
4, 0.7905, 0.8601, 0.7564
5, 0.8763, 0.9026, 0.8235
0.8044(0.0366), 0.8460(0.0450), 0.7578(0.0560) server_official_e200_pan_e30 SKCM cv1 umt
	
1, 0.7555, 0.8359, 0.8015
2, 0.7624, 0.7461, 0.6527
3, 0.8273, 0.8465, 0.7820
4, 0.7593, 0.7915, 0.7487
5, 0.8409, 0.8925, 0.8146
0.7891(0.0371), 0.8225(0.0499), 0.7599(0.0580) server_official_e200_pan_e30 SKCM cv1 ume
val_AUC_UMT=0.8115, val_AUC_UME=0.7694, use UMT.

# SKCM cv2
	
1, 0.5993, 0.6442, 0.6713
2, 0.6034, 0.6118, 0.6748
3, 0.9375, 0.9583, 0.9333
4, 0.5659, 0.5900, 0.6739
5, 1.0000, 1.0000, 1.0000
0.7412(0.1873), 0.7608(0.1796), 0.7907(0.1453) server_official_e200_pan_e30 SKCM cv2 only_omics
	
1, 0.7034, 0.7730, 0.7010
2, 0.5534, 0.5448, 0.6713
3, 0.3906, 0.5351, 0.6667
4, 0.4500, 0.5217, 0.6667
5, 0.9897, 0.9906, 0.9529
0.6174(0.2143), 0.6730(0.1840), 0.7317(0.1113) server_official_e200_pan_e30 SKCM cv2 only_kg
	
1, 0.7655, 0.8201, 0.7371
2, 0.6330, 0.6275, 0.6871
3, 0.8906, 0.9208, 0.8571
4, 0.5536, 0.5955, 0.6702
5, 0.9799, 0.9829, 0.9479
0.7645(0.1575), 0.7894(0.1546), 0.7799(0.1065) server_official_e200_pan_e30 SKCM cv2 umt
	
1, 0.6763, 0.7368, 0.7115
2, 0.6070, 0.6291, 0.6748
3, 0.9375, 0.9583, 0.9333
4, 0.5656, 0.5904, 0.6703
5, 1.0000, 1.0000, 1.0000
0.7573(0.1773), 0.7829(0.1678), 0.7980(0.1401) server_official_e200_pan_e30 SKCM cv2 ume
val_AUC_UMT=0.8003, val_AUC_UME=0.7844, use UMT.

# pan cv1
	
1, 0.9634, 0.9639, 0.9067
2, 0.9640, 0.9652, 0.9080
3, 0.9630, 0.9642, 0.9041
4, 0.9655, 0.9655, 0.9077
5, 0.9608, 0.9636, 0.9042
0.9633(0.0015), 0.9645(0.0008), 0.9061(0.0017) server_official_e200_pan_e30 pan cv1 only_omics
	
1, 0.9627, 0.9652, 0.9060
2, 0.9630, 0.9661, 0.9065
3, 0.9632, 0.9659, 0.9046
4, 0.9641, 0.9664, 0.9071
5, 0.9625, 0.9665, 0.9046
0.9631(0.0005), 0.9660(0.0004), 0.9057(0.0010) server_official_e200_pan_e30 pan cv1 only_kg
	
1, 0.9622, 0.9647, 0.9055
2, 0.9633, 0.9658, 0.9090
3, 0.9631, 0.9651, 0.9047
4, 0.9644, 0.9662, 0.9073
5, 0.9624, 0.9660, 0.9046
0.9631(0.0008), 0.9656(0.0006), 0.9062(0.0017) server_official_e200_pan_e30 pan cv1 umt
	
1, 0.9652, 0.9665, 0.9088
2, 0.9658, 0.9675, 0.9113
3, 0.9651, 0.9668, 0.9083
4, 0.9670, 0.9678, 0.9102
5, 0.9638, 0.9667, 0.9077
0.9654(0.0010), 0.9671(0.0005), 0.9093(0.0013) server_official_e200_pan_e30 pan cv1 ume
val_AUC_UMT=0.9616, val_AUC_UME=0.9641, use UME.

# pan cv2
	
1, 0.8462, 0.8664, 0.7683
2, 0.7966, 0.8145, 0.7342
3, 0.8597, 0.8730, 0.7887
4, 0.8369, 0.8616, 0.7647
5, 0.7875, 0.8164, 0.7149
0.8254(0.0283), 0.8464(0.0255), 0.7542(0.0262) server_official_e200_pan_e30 pan cv2 only_omics
	
1, 0.8653, 0.8852, 0.7923
2, 0.8433, 0.8583, 0.7707
3, 0.8751, 0.8892, 0.8060
4, 0.8832, 0.9017, 0.8140
5, 0.8301, 0.8491, 0.7586
0.8594(0.0198), 0.8767(0.0198), 0.7883(0.0209) server_official_e200_pan_e30 pan cv2 only_kg
	
1, 0.8727, 0.8915, 0.7996
2, 0.8470, 0.8615, 0.7764
3, 0.8874, 0.8991, 0.8209
4, 0.8819, 0.8983, 0.8148
5, 0.8298, 0.8474, 0.7586
0.8637(0.0219), 0.8796(0.0212), 0.7941(0.0235) server_official_e200_pan_e30 pan cv2 umt
	
1, 0.8721, 0.8880, 0.8005
2, 0.8395, 0.8505, 0.7744
3, 0.8795, 0.8907, 0.8128
4, 0.8907, 0.9021, 0.8293
5, 0.8276, 0.8455, 0.7571
0.8619(0.0242), 0.8754(0.0229), 0.7948(0.0260) server_official_e200_pan_e30 pan cv2 ume
val_AUC_UMT=0.8726, val_AUC_UME=0.8751, use UME.

# pan cv3
	
1, 0.6269, 0.6167, 0.6884
2, 0.6339, 0.6246, 0.6915
3, 0.6297, 0.6231, 0.7171
4, 0.6493, 0.6698, 0.7081
5, 0.6321, 0.6197, 0.6880
0.6344(0.0078), 0.6308(0.0197), 0.6986(0.0118) server_official_e200_pan_e30 pan cv3 only_omics
	
1, 0.7100, 0.7417, 0.6821
2, 0.7483, 0.7806, 0.7124
3, 0.7405, 0.7557, 0.7217
4, 0.7885, 0.8251, 0.7455
5, 0.7243, 0.6940, 0.7177
0.7423(0.0266), 0.7594(0.0433), 0.7159(0.0203) server_official_e200_pan_e30 pan cv3 only_kg
	
1, 0.7268, 0.7545, 0.7016
2, 0.7551, 0.7877, 0.7188
3, 0.7152, 0.7257, 0.7237
4, 0.7837, 0.8233, 0.7421
5, 0.7192, 0.7192, 0.7009
0.7400(0.0259), 0.7621(0.0391), 0.7174(0.0153) server_official_e200_pan_e30 pan cv3 umt
	
1, 0.7352, 0.7494, 0.7057
2, 0.7394, 0.7527, 0.7160
3, 0.7376, 0.7217, 0.7387
4, 0.7969, 0.8226, 0.7549
5, 0.6460, 0.6304, 0.6945
0.7310(0.0484), 0.7354(0.0621), 0.7220(0.0220) server_official_e200_pan_e30 pan cv3 ume
val_AUC_UMT=0.7671, val_AUC_UME=0.7355, use UMT.
